
6555786015866082288
-2456761501484075334
9057754359556806218
-6363804274081262929
7482837045377346829
-6266071545081218870
3641763127298960624
7600789486687525235
7693422593415296305
-931206337835341961
4411419849433252306
-1580523551250459489
-9144530743406721178
8648226319715624820
718345368393316943
9197101130125499150
4663180151593080901
7345382494970109937
-357812668066018032
-7599740893321504903
-7849404702163958486
-8051367126462216636
6041071529469975124
-4303879508172811778
-3829170662791945362
-3265786220552952985
-7028064437923740928
83857826783271693
926863934991779396
-778449888977990634
3764600607719792271
1952098957630775051
1620424751984516
-1568013120906692455
-7690054563990796426
594576960874060467
-663593897848901771
-7520197084882882692
6201475964780070511
493905388255095075
-32368128748509755
1130284079660520950
-1460673325410410994
5790181606828235785
679024053156278871
-1206191402651697744
5264718203080310714
8623209699031040225
7902724530953508458
-8613872041248633373
-1815660731883741669